dump_schema residual_friction_features_v2 tensor (200, 18, 8) features ['interference', 'veto', 'directed_veto', 'rand_directed_veto', 'cos', 'na', 'nm', 'hnorm']

Per-layer friction triplet over global null+route; net subtracts same-layer random-u increment
layer raw_delta lo hi rand_delta net veto_auc interf_auc dveto_auc
08 -0.0028 -0.0115 +0.0022 -0.0007 -0.0021 0.5401 0.5356 0.5397
09 -0.0104 -0.0248 -0.0025 -0.0058 -0.0046 0.5497 0.5420 0.5408
10 -0.0089 -0.0234 +0.0002 -0.0036 -0.0053 0.5178 0.5346 0.5300
11 -0.0000 -0.0140 +0.0091 -0.0044 +0.0044 0.5761 0.5685 0.5535
12 -0.0028 -0.0139 +0.0039 +0.0006 -0.0035 0.5159 0.5186 0.5137
13 -0.0086 -0.0223 +0.0012 -0.0039 -0.0047 0.5414 0.5497 0.5818
14 -0.0062 -0.0141 +0.0018 -0.0032 -0.0030 0.5946 0.5956 0.5680
15 -0.0062 -0.0212 +0.0009 -0.0015 -0.0048 0.5085 0.5165 0.6041
16 -0.0045 -0.0173 +0.0063 -0.0041 -0.0004 0.5714 0.5726 0.5926
17 +0.0207 +0.0140 +0.0297 +0.0028 +0.0179 0.5620 0.5389 0.5566
18 -0.0027 -0.0128 +0.0028 +0.0004 -0.0031 0.5373 0.5319 0.5590
19 +0.0254 +0.0129 +0.0321 -0.0038 +0.0292 0.7053 0.6558 0.7249
20 +0.0194 +0.0104 +0.0265 -0.0043 +0.0237 0.5661 0.5430 0.6406
21 -0.0010 -0.0098 +0.0045 -0.0053 +0.0043 0.7030 0.7016 0.6618
22 +0.0138 +0.0035 +0.0219 -0.0042 +0.0180 0.5236 0.5054 0.5092
23 +0.0051 -0.0058 +0.0137 -0.0052 +0.0102 0.7562 0.7499 0.6832
24 +0.0084 -0.0024 +0.0160 -0.0049 +0.0133 0.6741 0.6413 0.5997
25 +0.0024 -0.0072 +0.0105 -0.0041 +0.0065 0.6256 0.6085 0.6403

3-layer sliding windows; friction block flattened, random block matched by one rand-u column per layer
window raw_delta lo hi rand_delta net
08-10 -0.0187 -0.0383 -0.0062 -0.0113 -0.0075
09-11 -0.0116 -0.0305 +0.0026 -0.0151 +0.0035
10-12 -0.0043 -0.0267 +0.0069 -0.0074 +0.0031
11-13 -0.0110 -0.0278 +0.0063 -0.0091 -0.0019
12-14 -0.0121 -0.0347 +0.0003 -0.0079 -0.0042
13-15 -0.0118 -0.0278 -0.0002 -0.0101 -0.0017
14-16 -0.0144 -0.0329 -0.0038 -0.0107 -0.0037
15-17 +0.0048 -0.0143 +0.0154 -0.0034 +0.0081
16-18 +0.0110 -0.0039 +0.0215 -0.0034 +0.0143
17-19 +0.0299 +0.0200 +0.0409 -0.0045 +0.0343
18-20 +0.0243 +0.0125 +0.0346 -0.0085 +0.0327
19-21 +0.0176 +0.0024 +0.0279 -0.0166 +0.0342
20-22 +0.0310 +0.0124 +0.0434 -0.0151 +0.0461
21-23 +0.0191 -0.0005 +0.0313 -0.0157 +0.0348
22-24 +0.0126 -0.0040 +0.0265 -0.0145 +0.0271
23-25 +0.0166 +0.0033 +0.0338 -0.0138 +0.0304
