dump_schema residual_friction_features_v2 tensor (200, 14, 8) features ['interference', 'veto', 'directed_veto', 'rand_directed_veto', 'cos', 'na', 'nm', 'hnorm']
baseline_auc_approx 0.765

Per-layer friction triplet over global null+route; net subtracts same-layer random-u increment
layer raw_delta lo hi rand_delta net veto_auc interf_auc dveto_auc
07 +0.0233 +0.0084 +0.0352 -0.0037 +0.0270 0.5306 0.5080 0.5405
08 +0.0072 -0.0073 +0.0195 -0.0044 +0.0116 0.5681 0.5608 0.5570
09 +0.0119 -0.0031 +0.0232 -0.0053 +0.0172 0.5098 0.5027 0.5573
10 +0.0102 -0.0000 +0.0202 -0.0021 +0.0123 0.5778 0.6021 0.5094
11 +0.0217 +0.0104 +0.0331 -0.0041 +0.0258 0.6452 0.6632 0.5414
12 -0.0035 -0.0202 +0.0075 -0.0006 -0.0029 0.5547 0.5173 0.6152
13 +0.0137 +0.0007 +0.0213 +0.0041 +0.0096 0.5383 0.5525 0.5044
14 -0.0076 -0.0218 +0.0016 -0.0036 -0.0040 0.5845 0.5767 0.5200
15 +0.0382 +0.0259 +0.0479 +0.0053 +0.0329 0.5335 0.5909 0.6093
16 -0.0095 -0.0239 +0.0010 -0.0008 -0.0087 0.5437 0.5629 0.5380
17 +0.0598 +0.0440 +0.0728 -0.0041 +0.0639 0.6142 0.6906 0.5211
18 +0.0436 +0.0300 +0.0554 -0.0049 +0.0485 0.5807 0.5522 0.5677
19 +0.1098 +0.0992 +0.1251 +0.0051 +0.1047 0.8451 0.7999 0.5120
20 +0.1401 +0.1277 +0.1569 +0.0003 +0.1398 0.8833 0.8471 0.5251

3-layer sliding windows; friction block flattened, random block matched by one rand-u column per layer
window raw_delta lo hi rand_delta net
07-09 +0.0331 +0.0107 +0.0524 -0.0141 +0.0472
08-10 +0.0255 +0.0099 +0.0427 -0.0146 +0.0401
09-11 +0.0253 +0.0074 +0.0431 -0.0158 +0.0411
10-12 +0.0096 -0.0118 +0.0263 -0.0105 +0.0201
11-13 +0.0247 +0.0020 +0.0433 -0.0022 +0.0269
12-14 -0.0088 -0.0312 +0.0049 +0.0002 -0.0090
13-15 +0.0332 +0.0166 +0.0499 +0.0101 +0.0230
14-16 +0.0254 +0.0047 +0.0441 +0.0039 +0.0215
15-17 +0.0650 +0.0441 +0.0842 +0.0014 +0.0636
16-18 +0.0660 +0.0452 +0.0848 -0.0092 +0.0752
17-19 +0.1148 +0.1001 +0.1351 -0.0041 +0.1189
18-20 +0.1467 +0.1332 +0.1677 -0.0009 +0.1475
