dump_schema residual_friction_features_v2 tensor (200, 14, 8) features ['interference', 'veto', 'directed_veto', 'rand_directed_veto', 'cos', 'na', 'nm', 'hnorm']
baseline_auc_approx 0.553

Per-layer friction triplet over global null+route; net subtracts same-layer random-u increment
layer raw_delta lo hi rand_delta net veto_auc interf_auc dveto_auc
07 +0.0015 -0.0269 +0.0261 +0.0005 +0.0010 0.5355 0.5286 0.5362
08 -0.0196 -0.0598 +0.0015 +0.0089 -0.0285 0.5173 0.5171 0.5294
09 +0.0168 -0.0145 +0.0398 -0.0088 +0.0256 0.5442 0.5284 0.5654
10 -0.0006 -0.0302 +0.0242 +0.0001 -0.0008 0.5382 0.5197 0.5157
11 -0.0348 -0.0762 -0.0131 -0.0101 -0.0247 0.5002 0.5054 0.5504
12 -0.0116 -0.0458 +0.0102 -0.0138 +0.0022 0.5519 0.5537 0.5377
13 -0.0185 -0.0542 +0.0039 -0.0022 -0.0163 0.5349 0.5191 0.5264
14 -0.0136 -0.0534 +0.0099 -0.0123 -0.0013 0.5287 0.5311 0.5004
15 +0.0025 -0.0316 +0.0279 -0.0120 +0.0146 0.5338 0.5330 0.5182
16 -0.0108 -0.0425 +0.0121 -0.0096 -0.0013 0.5451 0.5512 0.5115
17 -0.0154 -0.0501 +0.0082 -0.0063 -0.0090 0.5682 0.5489 0.5088
18 +0.0319 -0.0014 +0.0543 -0.0129 +0.0448 0.5467 0.6075 0.5018
19 +0.0754 +0.0520 +0.1031 -0.0032 +0.0786 0.6127 0.5998 0.6488
20 -0.0098 -0.0395 +0.0127 +0.0096 -0.0195 0.5234 0.5062 0.5667

3-layer sliding windows; friction block flattened, random block matched by one rand-u column per layer
window raw_delta lo hi rand_delta net
07-09 +0.0252 -0.0152 +0.0592 +0.0007 +0.0246
08-10 +0.0215 -0.0141 +0.0614 +0.0049 +0.0166
09-11 +0.0095 -0.0285 +0.0405 -0.0192 +0.0287
10-12 -0.0186 -0.0626 +0.0156 -0.0212 +0.0026
11-13 -0.0476 -0.0918 -0.0114 -0.0290 -0.0187
12-14 -0.0436 -0.0921 -0.0028 -0.0297 -0.0138
13-15 -0.0294 -0.0769 +0.0070 -0.0286 -0.0008
14-16 -0.0099 -0.0521 +0.0271 -0.0363 +0.0264
15-17 +0.0206 -0.0238 +0.0489 -0.0303 +0.0509
16-18 +0.0182 -0.0217 +0.0481 -0.0332 +0.0514
17-19 +0.0620 +0.0285 +0.0931 -0.0245 +0.0865
18-20 +0.0587 +0.0253 +0.0898 -0.0080 +0.0667
