dump_schema residual_friction_features_v2 tensor (200, 16, 8) features ['interference', 'veto', 'directed_veto', 'rand_directed_veto', 'cos', 'na', 'nm', 'hnorm']
baseline_auc_approx 0.672

Per-layer friction triplet over global null+route; net subtracts same-layer random-u increment
layer raw_delta lo hi rand_delta net veto_auc interf_auc dveto_auc
08 -0.0004 -0.0212 +0.0133 -0.0078 +0.0074 0.5067 0.5391 0.5020
09 -0.0204 -0.0460 -0.0055 -0.0042 -0.0163 0.5458 0.5169 0.5338
10 -0.0060 -0.0311 +0.0093 +0.0066 -0.0126 0.5027 0.5156 0.5324
11 -0.0073 -0.0299 +0.0099 -0.0070 -0.0003 0.5513 0.5982 0.5315
12 +0.0682 +0.0508 +0.0833 -0.0070 +0.0753 0.6241 0.6241 0.6672
13 +0.0088 -0.0163 +0.0228 -0.0076 +0.0165 0.5765 0.5463 0.6123
14 +0.0229 +0.0048 +0.0362 +0.0107 +0.0123 0.5069 0.5537 0.6362
15 +0.0608 +0.0400 +0.0768 -0.0040 +0.0648 0.5610 0.5085 0.5843
16 +0.0302 +0.0097 +0.0460 -0.0046 +0.0347 0.6235 0.5853 0.5575
17 +0.0415 +0.0220 +0.0576 -0.0083 +0.0498 0.6922 0.7248 0.5495
18 +0.0459 +0.0302 +0.0593 -0.0009 +0.0468 0.5213 0.5621 0.6315
19 +0.1125 +0.0984 +0.1299 -0.0077 +0.1202 0.5431 0.6690 0.6936
20 +0.0409 +0.0220 +0.0563 -0.0038 +0.0447 0.6538 0.6135 0.5885
21 -0.0022 -0.0241 +0.0107 -0.0042 +0.0019 0.5030 0.5231 0.5066
22 +0.1070 +0.0877 +0.1210 -0.0056 +0.1127 0.6385 0.5323 0.5918
23 +0.0820 +0.0641 +0.0977 -0.0010 +0.0830 0.5005 0.6220 0.7569

3-layer sliding windows; friction block flattened, random block matched by one rand-u column per layer
window raw_delta lo hi rand_delta net
08-10 -0.0321 -0.0650 -0.0058 -0.0054 -0.0267
09-11 -0.0284 -0.0587 -0.0013 -0.0060 -0.0224
10-12 +0.0528 +0.0268 +0.0744 -0.0105 +0.0633
11-13 +0.0486 +0.0211 +0.0708 -0.0258 +0.0744
12-14 +0.0582 +0.0313 +0.0782 -0.0051 +0.0633
13-15 +0.0886 +0.0587 +0.1122 -0.0009 +0.0895
14-16 +0.0884 +0.0565 +0.1071 +0.0030 +0.0853
15-17 +0.0849 +0.0588 +0.1084 -0.0176 +0.1025
16-18 +0.0647 +0.0394 +0.0846 -0.0158 +0.0805
17-19 +0.1242 +0.1007 +0.1428 -0.0193 +0.1436
18-20 +0.1025 +0.0829 +0.1232 -0.0133 +0.1158
19-21 +0.1249 +0.1047 +0.1447 -0.0166 +0.1415
20-22 +0.1579 +0.1370 +0.1829 -0.0157 +0.1736
21-23 +0.1825 +0.1626 +0.2018 -0.0134 +0.1959
