dump_schema residual_friction_features_v2 tensor (200, 20, 8) features ['interference', 'veto', 'directed_veto', 'rand_directed_veto', 'cos', 'na', 'nm', 'hnorm']
baseline_auc_approx 0.861

Per-layer friction triplet over global null+route; net subtracts same-layer random-u increment
layer raw_delta lo hi rand_delta net veto_auc interf_auc dveto_auc
10 -0.0000 -0.0102 +0.0087 -0.0031 +0.0031 0.5465 0.5026 0.5141
11 -0.0045 -0.0148 +0.0019 -0.0018 -0.0027 0.5200 0.5278 0.5591
12 +0.0121 +0.0028 +0.0190 -0.0030 +0.0151 0.5245 0.5808 0.5601
13 -0.0033 -0.0139 +0.0040 +0.0008 -0.0041 0.5532 0.5343 0.5915
14 +0.0151 +0.0069 +0.0217 -0.0030 +0.0181 0.5239 0.5118 0.6298
15 -0.0007 -0.0106 +0.0061 +0.0035 -0.0041 0.6805 0.6786 0.5602
16 -0.0034 -0.0132 +0.0025 -0.0034 +0.0000 0.6356 0.5945 0.5095
17 +0.0013 -0.0070 +0.0075 +0.0035 -0.0023 0.6922 0.6949 0.6360
18 +0.0271 +0.0176 +0.0354 -0.0015 +0.0286 0.5666 0.5454 0.6632
19 +0.0042 -0.0039 +0.0096 -0.0006 +0.0048 0.6409 0.6413 0.5214
20 +0.0000 -0.0094 +0.0072 +0.0019 -0.0019 0.8307 0.8153 0.8310
21 +0.0108 +0.0027 +0.0185 -0.0025 +0.0133 0.8533 0.8788 0.6718
22 +0.0050 -0.0033 +0.0123 -0.0011 +0.0061 0.6186 0.7429 0.5227
23 +0.0237 +0.0138 +0.0334 -0.0028 +0.0265 0.6368 0.7487 0.6417
24 +0.0227 +0.0130 +0.0295 -0.0000 +0.0227 0.6149 0.5366 0.8033
25 +0.0124 +0.0044 +0.0203 -0.0007 +0.0131 0.5859 0.5780 0.5411
26 +0.0057 -0.0056 +0.0149 -0.0001 +0.0058 0.7414 0.5104 0.5155
27 +0.0138 +0.0046 +0.0204 -0.0051 +0.0189 0.7029 0.7097 0.5609
28 -0.0060 -0.0143 -0.0014 -0.0009 -0.0051 0.7473 0.7826 0.6681
29 +0.0146 +0.0019 +0.0218 -0.0003 +0.0149 0.6097 0.5592 0.5225

3-layer sliding windows; friction block flattened, random block matched by one rand-u column per layer
window raw_delta lo hi rand_delta net
10-12 +0.0003 -0.0166 +0.0136 -0.0096 +0.0099
11-13 +0.0029 -0.0106 +0.0131 -0.0062 +0.0091
12-14 +0.0165 +0.0022 +0.0266 -0.0065 +0.0230
13-15 +0.0047 -0.0102 +0.0169 +0.0021 +0.0025
14-16 +0.0046 -0.0114 +0.0162 -0.0041 +0.0087
15-17 -0.0016 -0.0182 +0.0091 +0.0024 -0.0040
16-18 +0.0176 +0.0046 +0.0293 -0.0020 +0.0196
17-19 +0.0173 +0.0051 +0.0291 +0.0008 +0.0164
18-20 +0.0153 +0.0019 +0.0267 -0.0016 +0.0169
19-21 +0.0105 -0.0003 +0.0206 -0.0017 +0.0122
20-22 +0.0134 +0.0022 +0.0246 -0.0021 +0.0155
21-23 +0.0261 +0.0122 +0.0394 -0.0065 +0.0326
22-24 +0.0373 +0.0210 +0.0479 -0.0047 +0.0420
23-25 +0.0319 +0.0187 +0.0452 -0.0040 +0.0360
24-26 +0.0136 -0.0018 +0.0252 -0.0014 +0.0149
25-27 +0.0049 -0.0119 +0.0182 -0.0070 +0.0118
26-28 +0.0089 -0.0055 +0.0231 -0.0070 +0.0159
27-29 +0.0174 +0.0042 +0.0292 -0.0055 +0.0229
