dump_schema residual_friction_features_v2 tensor (200, 14, 8) features ['interference', 'veto', 'directed_veto', 'rand_directed_veto', 'cos', 'na', 'nm', 'hnorm']
baseline_auc_approx 0.667

Per-layer friction triplet over global null+route; net subtracts same-layer random-u increment
layer raw_delta lo hi rand_delta net veto_auc interf_auc dveto_auc
07 -0.0202 -0.0454 -0.0067 +0.0005 -0.0206 0.5242 0.5040 0.5116
08 -0.0030 -0.0219 +0.0099 -0.0027 -0.0002 0.5418 0.5094 0.5820
09 +0.0031 -0.0224 +0.0181 -0.0074 +0.0104 0.5282 0.5673 0.5226
10 +0.0030 -0.0159 +0.0167 -0.0057 +0.0086 0.5920 0.5432 0.5279
11 +0.0302 +0.0139 +0.0470 +0.0226 +0.0077 0.6211 0.5899 0.6920
12 -0.0020 -0.0212 +0.0104 -0.0074 +0.0054 0.5920 0.5648 0.5636
13 +0.0224 +0.0001 +0.0356 -0.0073 +0.0297 0.5496 0.5954 0.5337
14 +0.0422 +0.0212 +0.0588 -0.0067 +0.0489 0.6636 0.6569 0.5926
15 -0.0090 -0.0340 +0.0051 -0.0043 -0.0047 0.5186 0.5093 0.5662
16 -0.0139 -0.0353 +0.0005 -0.0028 -0.0110 0.5363 0.5237 0.5285
17 +0.0189 +0.0006 +0.0331 -0.0048 +0.0237 0.5130 0.5049 0.5711
18 -0.0103 -0.0344 +0.0049 +0.0017 -0.0120 0.5852 0.6102 0.5972
19 -0.0151 -0.0389 -0.0010 -0.0039 -0.0112 0.5190 0.5008 0.5578
20 +0.0181 +0.0030 +0.0331 -0.0003 +0.0184 0.5737 0.5348 0.6055

3-layer sliding windows; friction block flattened, random block matched by one rand-u column per layer
window raw_delta lo hi rand_delta net
07-09 +0.0050 -0.0218 +0.0286 -0.0112 +0.0161
08-10 +0.0163 -0.0145 +0.0379 -0.0190 +0.0353
09-11 +0.0351 +0.0096 +0.0529 +0.0090 +0.0261
10-12 +0.0327 +0.0064 +0.0517 +0.0090 +0.0237
11-13 +0.0486 +0.0218 +0.0699 +0.0095 +0.0390
12-14 +0.0272 +0.0031 +0.0508 -0.0238 +0.0510
13-15 +0.0258 -0.0040 +0.0495 -0.0195 +0.0453
14-16 +0.0212 -0.0081 +0.0432 -0.0155 +0.0367
15-17 -0.0046 -0.0344 +0.0178 -0.0129 +0.0083
16-18 -0.0174 -0.0457 +0.0068 -0.0021 -0.0153
17-19 -0.0057 -0.0411 +0.0166 -0.0051 -0.0007
18-20 +0.0058 -0.0266 +0.0302 -0.0009 +0.0067
