dump_schema residual_friction_features_v2 tensor (200, 18, 8) features ['interference', 'veto', 'directed_veto', 'rand_directed_veto', 'cos', 'na', 'nm', 'hnorm']
baseline_auc_approx 0.764

Per-layer friction triplet over global null+route; net subtracts same-layer random-u increment
layer raw_delta lo hi rand_delta net veto_auc interf_auc dveto_auc
09 -0.0059 -0.0203 +0.0038 -0.0038 -0.0021 0.5387 0.5980 0.5800
10 -0.0035 -0.0172 +0.0073 +0.0006 -0.0040 0.5501 0.5937 0.5036
11 -0.0083 -0.0237 -0.0007 -0.0042 -0.0041 0.5543 0.5132 0.5758
12 -0.0100 -0.0240 -0.0006 +0.0090 -0.0190 0.5948 0.5965 0.6185
13 -0.0071 -0.0206 +0.0030 -0.0040 -0.0031 0.5143 0.5286 0.5488
14 -0.0093 -0.0227 +0.0008 -0.0046 -0.0046 0.5492 0.5309 0.5434
15 +0.0005 -0.0160 +0.0102 -0.0028 +0.0034 0.5442 0.5222 0.5668
16 -0.0124 -0.0302 -0.0007 +0.0097 -0.0221 0.5503 0.5537 0.5424
17 -0.0086 -0.0244 +0.0020 -0.0016 -0.0069 0.5298 0.5664 0.5431
18 -0.0119 -0.0262 -0.0005 +0.0000 -0.0119 0.5218 0.5242 0.5324
19 +0.0005 -0.0135 +0.0105 -0.0040 +0.0045 0.5948 0.5386 0.5014
20 +0.0142 -0.0002 +0.0262 -0.0050 +0.0193 0.5735 0.5759 0.5666
21 +0.0196 +0.0063 +0.0308 -0.0035 +0.0232 0.6870 0.6928 0.6204
22 +0.0967 +0.0843 +0.1099 -0.0034 +0.1001 0.7981 0.7931 0.5464
23 +0.0212 +0.0041 +0.0321 -0.0016 +0.0228 0.5746 0.5529 0.6414
24 +0.0315 +0.0183 +0.0438 -0.0029 +0.0344 0.6353 0.5226 0.6335
25 +0.1240 +0.1124 +0.1424 +0.0030 +0.1210 0.8727 0.5929 0.7448
26 +0.1085 +0.0944 +0.1223 -0.0044 +0.1129 0.8866 0.5228 0.5565

3-layer sliding windows; friction block flattened, random block matched by one rand-u column per layer
window raw_delta lo hi rand_delta net
09-11 -0.0163 -0.0331 +0.0007 -0.0089 -0.0074
10-12 -0.0079 -0.0282 +0.0087 +0.0057 -0.0137
11-13 -0.0172 -0.0413 +0.0001 +0.0009 -0.0181
12-14 -0.0237 -0.0489 -0.0080 +0.0028 -0.0265
13-15 -0.0184 -0.0416 -0.0006 -0.0128 -0.0056
14-16 -0.0174 -0.0424 -0.0012 -0.0003 -0.0171
15-17 -0.0211 -0.0484 -0.0040 +0.0026 -0.0237
16-18 -0.0337 -0.0642 -0.0162 +0.0121 -0.0458
17-19 -0.0237 -0.0515 -0.0055 -0.0059 -0.0178
18-20 -0.0018 -0.0241 +0.0159 -0.0103 +0.0085
19-21 +0.0188 -0.0032 +0.0334 -0.0143 +0.0331
20-22 +0.0855 +0.0701 +0.1004 -0.0136 +0.0992
21-23 +0.0887 +0.0735 +0.1031 -0.0093 +0.0980
22-24 +0.1098 +0.0956 +0.1252 -0.0093 +0.1192
23-25 +0.1356 +0.1234 +0.1574 -0.0015 +0.1371
24-26 +0.1321 +0.1127 +0.1504 -0.0033 +0.1354
