dump_schema residual_friction_features_v2 tensor (200, 14, 8) features ['interference', 'veto', 'directed_veto', 'rand_directed_veto', 'cos', 'na', 'nm', 'hnorm']

Per-layer friction triplet over global null+route; net subtracts same-layer random-u increment
layer raw_delta lo hi rand_delta net veto_auc interf_auc dveto_auc
07 -0.0124 -0.0317 +0.0015 +0.0032 -0.0156 0.5132 0.5154 0.5824
08 -0.0241 -0.0479 -0.0042 -0.0068 -0.0173 0.5172 0.5243 0.5480
09 +0.0416 +0.0244 +0.0565 -0.0063 +0.0479 0.6458 0.6355 0.5500
10 -0.0208 -0.0411 -0.0066 -0.0051 -0.0157 0.5499 0.5450 0.5158
11 +0.0070 -0.0120 +0.0213 -0.0097 +0.0167 0.5449 0.5656 0.5379
12 -0.0009 -0.0223 +0.0131 -0.0049 +0.0040 0.6543 0.6503 0.5187
13 +0.0033 -0.0152 +0.0192 -0.0061 +0.0094 0.6445 0.6320 0.6061
14 +0.0344 +0.0203 +0.0511 -0.0027 +0.0372 0.6483 0.6546 0.5669
15 +0.0069 -0.0097 +0.0186 -0.0043 +0.0113 0.6668 0.6359 0.5568
16 -0.0077 -0.0254 +0.0035 +0.0019 -0.0096 0.5917 0.5815 0.6578
17 +0.0267 +0.0037 +0.0409 -0.0000 +0.0268 0.5962 0.5145 0.5419
18 +0.0508 +0.0309 +0.0702 -0.0076 +0.0584 0.7274 0.6618 0.5113
19 +0.0391 +0.0232 +0.0550 -0.0054 +0.0445 0.7162 0.7282 0.5373
20 +0.0161 -0.0017 +0.0319 +0.0040 +0.0122 0.5230 0.5109 0.6577

3-layer sliding windows; friction block flattened, random block matched by one rand-u column per layer
window raw_delta lo hi rand_delta net
07-09 +0.0176 -0.0162 +0.0392 -0.0131 +0.0307
08-10 +0.0226 -0.0122 +0.0466 -0.0225 +0.0451
09-11 +0.0337 +0.0089 +0.0562 -0.0238 +0.0575
10-12 -0.0012 -0.0247 +0.0191 -0.0216 +0.0204
11-13 +0.0076 -0.0129 +0.0377 -0.0231 +0.0307
12-14 +0.0289 +0.0053 +0.0548 -0.0147 +0.0436
13-15 +0.0285 +0.0088 +0.0472 -0.0150 +0.0434
14-16 +0.0318 +0.0098 +0.0539 -0.0059 +0.0377
15-17 +0.0052 -0.0167 +0.0267 -0.0035 +0.0087
16-18 +0.0514 +0.0325 +0.0714 -0.0054 +0.0568
17-19 +0.0724 +0.0527 +0.0930 -0.0150 +0.0874
18-20 +0.0741 +0.0489 +0.1000 -0.0104 +0.0844
