dump_schema residual_friction_features_v3 tensor (200, 14, 11) features ['interference', 'veto', 'directed_veto', 'rand_directed_veto', 'cos', 'na', 'nm', 'hnorm', 'same_delta_directed_veto', 'same_delta_feasible_margin', 'delta_norm']
baseline_auc_approx 0.765

Per-layer friction triplet over global null+route; nets subtract random-u and same-Delta benign increments
layer raw_delta lo hi rand_delta net_rand same_delta net_same_delta veto_auc interf_auc dveto_auc
07 +0.0233 +0.0078 +0.0343 -0.0033 +0.0266 +0.0209 +0.0025 0.5306 0.5080 0.5405
08 +0.0084 -0.0061 +0.0191 -0.0042 +0.0127 +0.0059 +0.0025 0.5681 0.5608 0.5570
09 +0.0123 -0.0036 +0.0229 -0.0053 +0.0176 +0.0099 +0.0025 0.5098 0.5027 0.5573
10 +0.0102 -0.0020 +0.0207 -0.0019 +0.0121 +0.0071 +0.0032 0.5778 0.6021 0.5094
11 +0.0221 +0.0093 +0.0339 -0.0046 +0.0267 +0.0229 -0.0008 0.6452 0.6632 0.5414
12 -0.0033 -0.0191 +0.0067 -0.0005 -0.0028 -0.0084 +0.0051 0.5547 0.5173 0.6152
13 +0.0130 -0.0019 +0.0215 +0.0038 +0.0092 +0.0115 +0.0015 0.5383 0.5525 0.5044
14 -0.0081 -0.0236 +0.0016 -0.0037 -0.0044 -0.0085 +0.0004 0.5845 0.5767 0.5200
15 +0.0378 +0.0256 +0.0495 +0.0049 +0.0330 +0.0366 +0.0012 0.5335 0.5909 0.6093
16 -0.0093 -0.0245 +0.0007 -0.0010 -0.0083 -0.0097 +0.0005 0.5437 0.5629 0.5380
17 +0.0591 +0.0441 +0.0734 -0.0042 +0.0633 +0.0071 +0.0520 0.6142 0.6906 0.5211
18 +0.0442 +0.0340 +0.0554 -0.0045 +0.0487 +0.0402 +0.0040 0.5807 0.5522 0.5677
19 +0.1107 +0.0999 +0.1236 +0.0055 +0.1052 +0.0808 +0.0299 0.8451 0.7999 0.5120
20 +0.1414 +0.1292 +0.1542 -0.0001 +0.1415 +0.1428 -0.0014 0.8833 0.8471 0.5251

3-layer sliding windows; friction block flattened, random-u and same-Delta blocks matched per layer
window raw_delta lo hi rand_delta net_rand same_delta net_same_delta
07-09 +0.0344 +0.0119 +0.0525 -0.0141 +0.0485 +0.0385 -0.0041
08-10 +0.0263 +0.0048 +0.0426 -0.0131 +0.0395 +0.0206 +0.0057
09-11 +0.0258 +0.0057 +0.0430 -0.0158 +0.0416 +0.0229 +0.0030
10-12 +0.0095 -0.0109 +0.0275 -0.0106 +0.0201 +0.0083 +0.0011
11-13 +0.0245 +0.0024 +0.0443 -0.0023 +0.0268 +0.0235 +0.0010
12-14 -0.0090 -0.0374 +0.0045 -0.0005 -0.0085 -0.0067 -0.0023
13-15 +0.0320 +0.0143 +0.0481 +0.0097 +0.0223 +0.0311 +0.0009
14-16 +0.0244 +0.0042 +0.0421 +0.0030 +0.0214 +0.0228 +0.0016
15-17 +0.0650 +0.0443 +0.0830 +0.0006 +0.0644 +0.0392 +0.0258
16-18 +0.0661 +0.0460 +0.0843 -0.0096 +0.0757 +0.0300 +0.0362
17-19 +0.1152 +0.1012 +0.1323 -0.0039 +0.1192 +0.0786 +0.0366
18-20 +0.1482 +0.1337 +0.1635 -0.0002 +0.1484 +0.1423 +0.0059
