dump_schema residual_friction_features_v3 tensor (200, 14, 11) features ['interference', 'veto', 'directed_veto', 'rand_directed_veto', 'cos', 'na', 'nm', 'hnorm', 'same_delta_directed_veto', 'same_delta_feasible_margin', 'delta_norm']
baseline_auc_approx 0.686

Per-layer friction triplet over global null+route; nets subtract random-u and same-Delta benign increments
layer raw_delta lo hi rand_delta net_rand same_delta net_same_delta veto_auc interf_auc dveto_auc
07 -0.0131 -0.0359 +0.0016 +0.0029 -0.0160 -0.0165 +0.0034 0.5132 0.5154 0.5824
08 -0.0226 -0.0475 -0.0056 -0.0066 -0.0161 -0.0213 -0.0013 0.5172 0.5243 0.5480
09 +0.0399 +0.0219 +0.0552 -0.0081 +0.0480 +0.0424 -0.0025 0.6458 0.6355 0.5500
10 -0.0198 -0.0410 -0.0072 -0.0062 -0.0136 -0.0178 -0.0020 0.5499 0.5450 0.5158
11 +0.0067 -0.0130 +0.0212 -0.0088 +0.0155 -0.0006 +0.0073 0.5449 0.5656 0.5379
12 +0.0002 -0.0194 +0.0133 -0.0048 +0.0050 -0.0045 +0.0047 0.6543 0.6503 0.5187
13 +0.0031 -0.0165 +0.0178 -0.0049 +0.0079 -0.0001 +0.0032 0.6445 0.6320 0.6061
14 +0.0348 +0.0153 +0.0511 -0.0035 +0.0383 +0.0337 +0.0011 0.6483 0.6546 0.5669
15 +0.0073 -0.0098 +0.0192 -0.0037 +0.0109 +0.0093 -0.0020 0.6668 0.6359 0.5568
16 -0.0066 -0.0288 +0.0039 +0.0013 -0.0079 -0.0170 +0.0104 0.5917 0.5815 0.6578
17 +0.0263 +0.0052 +0.0402 -0.0007 +0.0270 +0.0301 -0.0038 0.5962 0.5145 0.5419
18 +0.0506 +0.0317 +0.0666 -0.0075 +0.0581 +0.0947 -0.0440 0.7274 0.6618 0.5113
19 +0.0392 +0.0231 +0.0538 -0.0055 +0.0446 +0.0378 +0.0014 0.7162 0.7282 0.5373
20 +0.0156 -0.0016 +0.0307 +0.0031 +0.0124 -0.0015 +0.0170 0.5230 0.5109 0.6577

3-layer sliding windows; friction block flattened, random-u and same-Delta blocks matched per layer
window raw_delta lo hi rand_delta net_rand same_delta net_same_delta
07-09 +0.0159 -0.0112 +0.0387 -0.0139 +0.0298 +0.0169 -0.0010
08-10 +0.0205 -0.0102 +0.0435 -0.0235 +0.0440 +0.0230 -0.0024
09-11 +0.0334 +0.0046 +0.0561 -0.0259 +0.0593 +0.0323 +0.0011
10-12 +0.0008 -0.0240 +0.0213 -0.0214 +0.0222 -0.0041 +0.0049
11-13 +0.0097 -0.0139 +0.0364 -0.0198 +0.0295 -0.0005 +0.0102
12-14 +0.0311 +0.0058 +0.0535 -0.0151 +0.0462 +0.0237 +0.0073
13-15 +0.0291 +0.0020 +0.0488 -0.0136 +0.0427 +0.0317 -0.0026
14-16 +0.0330 +0.0098 +0.0540 -0.0075 +0.0405 +0.0303 +0.0027
15-17 +0.0066 -0.0194 +0.0292 -0.0037 +0.0103 +0.0150 -0.0083
16-18 +0.0517 +0.0313 +0.0724 -0.0056 +0.0574 +0.1144 -0.0627
17-19 +0.0726 +0.0512 +0.0925 -0.0151 +0.0877 +0.1076 -0.0349
18-20 +0.0736 +0.0497 +0.0973 -0.0108 +0.0843 +0.0993 -0.0257
